0.000914396912796
0.0124577408941
0.0187718238589
0.0221695691634
0.023666218069
0.023666218069
0.0221695691634
0.0187718238589
0.0124577408941
0.000914396912796
0.0124577408941
0.035690741313
0.0507151654461
0.0597628556362
0.0640202754799
0.0640202754799
0.0597628556362
0.0507151654461
0.035690741313
0.0124577408941
0.0187718238589
0.0507151654461
0.0733907086348
0.0879570531731
0.0950786589842
0.0950786589842
0.0879570531731
0.0733907086348
0.0507151654461
0.0187718238589
0.0221695691634
0.0597628556362
0.0879570531731
0.106816543541
0.116270144421
0.116270144421
0.106816543541
0.0879570531731
0.0597628556362
0.0221695691634
0.023666218069
0.0640202754799
0.0950786589842
0.116270144421
0.127026830638
0.127026830638
0.116270144421
0.0950786589842
0.0640202754799
0.023666218069
0.023666218069
0.0640202754799
0.0950786589842
0.116270144421
0.127026830638
0.127026830638
0.116270144421
0.0950786589842
0.0640202754799
0.023666218069
0.0221695691634
0.0597628556362
0.0879570531731
0.106816543541
0.116270144421
0.116270144421
0.106816543541
0.0879570531731
0.0597628556362
0.0221695691634
0.0187718238589
0.0507151654461
0.0733907086348
0.0879570531731
0.0950786589842
0.0950786589842
0.0879570531731
0.0733907086348
0.0507151654461
0.0187718238589
0.0124577408941
0.035690741313
0.0507151654461
0.0597628556362
0.0640202754799
0.0640202754799
0.0597628556362
0.0507151654461
0.035690741313
0.0124577408941
0.000914396912796
0.0124577408941
0.0187718238589
0.0221695691634
0.023666218069
0.023666218069
0.0221695691634
0.0187718238589
0.0124577408941
0.000914396912796
